35.8874092102 128.61164856
35.8874092102 128.61164856
35.8874092102 128.61164856
35.8874130249 128.61164856
35.8874168396 128.61164856
35.8874130249 128.61164856
35.8874092102 128.61164856
35.8874092102 128.61164856
35.8874092102 128.61164856
35.8874053955 128.611663818
35.8874053955 128.611663818
35.8874053955 128.611663818
35.8874053955 128.611663818
35.8874053955 128.611663818
35.8873977661 128.611679077
35.8874053955 128.611679077
35.8874168396 128.611679077
35.8874130249 128.611679077
35.8874130249 128.611663818
35.8874168396 128.611663818
35.887424469 128.611663818
35.8874359131 128.611663818
35.8874397278 128.611679077
35.8874359131 128.611679077
35.887424469 128.611679077
35.8874282837 128.611679077
35.8874359131 128.611679077
35.8874511719 128.611679077
35.8874588013 128.611679077
35.8874511719 128.611679077
35.887462616 128.611679077
35.8874855042 128.611679077
35.8874778748 128.611679077
35.8874931335 128.611679077
35.8875007629 128.611679077
35.8875007629 128.611679077
35.8875045776 128.611724854
35.8875236511 128.611740112
35.8875312805 128.611755371
35.8875465393 128.61177063
35.8875579834 128.61177063
35.8875541687 128.61177063
35.8875656128 128.61177063
35.8875770569 128.61177063
35.8875808716 128.611785889
35.8875961304 128.611801147
35.887638092 128.611816406
35.8876152039 128.611801147
35.8875770569 128.61177063
35.8875617981 128.611755371
35.887550354 128.611724854
35.8875160217 128.611679077
35.8874778748 128.61164856
35.8874130249 128.61164856
35.887386322 128.61164856
35.8873062134 128.611633301
35.8872718811 128.611618042
35.8872413635 128.611618042
35.8871917725 128.611602783
35.887172699 128.611602783
35.8871421814 128.611602783
35.8871269226 128.611587524
35.8871116638 128.611587524
35.8870887756 128.611587524
35.8870735168 128.611587524
35.8870620728 128.611572266
35.887046814 128.611572266
35.8870353699 128.611572266
35.8870162964 128.611572266
35.8869972229 128.611557007
35.8869895935 128.611541748
35.8870010376 128.611541748
35.8869972229 128.611526489
35.8869972229 128.61151123
35.8869895935 128.611495972
35.8869857788 128.611480713
35.8869857788 128.611465454
35.8869819641 128.611434937
35.8869819641 128.611434937
35.8869781494 128.611419678
35.8869781494 128.611404419
35.88697052 128.61138916
35.8869667053 128.611373901
35.8869667053 128.611358643
35.8869667053 128.611343384
35.8869667053 128.611328125
35.88697052 128.611328125
35.88697052 128.611312866
35.8869743347 128.611297607
35.88697052 128.611282349
35.8869628906 128.61126709
35.8869590759 128.61126709
35.8869552612 128.61126709
35.8869476318 128.611251831
35.8869361877 128.61126709
35.8869361877 128.61126709
35.886920929 128.61126709
35.8869171143 128.61126709
35.8869094849 128.611282349
35.8869056702 128.611282349
35.8869094849 128.611297607
35.8869132996 128.611297607
35.8869132996 128.611312866
35.8869018555 128.611328125
35.8869056702 128.611328125
35.8869056702 128.611343384
35.8869056702 128.611343384
35.8869094849 128.611358643
35.8869018555 128.611373901
35.8868942261 128.611373901
35.8868980408 128.61138916
35.8868942261 128.611404419
35.8868904114 128.611419678
35.8868865967 128.611434937
35.8868865967 128.611465454
35.8868865967 128.611480713
35.8868865967 128.611480713
35.8868865967 128.611495972
35.8868865967 128.61151123
35.886882782 128.611526489
35.8868904114 128.611526489
35.8868980408 128.611541748
35.8869132996 128.611541748
35.8869285583 128.611557007
35.8869476318 128.611557007
35.8869590759 128.611557007
35.8869743347 128.611572266
35.8869857788 128.611572266
35.8870124817 128.611587524
35.8870277405 128.611602783
35.8870391846 128.611602783
35.8870506287 128.611618042
35.8870620728 128.611618042
35.8870697021 128.611618042
35.8870697021 128.611633301
35.8870735168 128.611633301
35.8870773315 128.611633301
35.8870849609 128.611633301
35.8870887756 128.611633301
35.8870925903 128.611633301
35.8870925903 128.61164856
35.8871002197 128.61164856
35.8871002197 128.61164856
35.8871002197 128.61164856
35.8871040344 128.61164856
35.8871078491 128.61164856
35.8871078491 128.611633301
35.8871040344 128.611633301
35.887096405 128.611633301
35.8870925903 128.611633301
35.8870849609 128.611633301
35.8870811462 128.611633301
35.8870773315 128.611633301
35.8870697021 128.611633301
35.8870658875 128.611633301
35.8870620728 128.611633301
35.8870506287 128.611633301
35.8870429993 128.61164856
35.8870429993 128.61164856
35.887046814 128.61164856
35.8870506287 128.61164856
35.8870582581 128.611663818
35.8870697021 128.611663818
35.8870849609 128.611663818
35.8870925903 128.611663818
35.8870925903 128.611663818
35.8870925903 128.611663818
35.8871231079 128.611663818
35.8871269226 128.61164856
35.8871421814 128.61164856
35.8871459961 128.611633301
35.887134552 128.611633301
35.8871307373 128.611618042
35.8871307373 128.611618042
35.8871269226 128.611633301
35.887134552 128.611633301
35.8871383667 128.611618042
35.8871307373 128.61164856
35.887134552 128.61164856
35.887134552 128.611663818
35.8871383667 128.611663818
35.8871536255 128.611663818
35.8871612549 128.61164856
35.8871536255 128.61164856
35.8871574402 128.61164856
35.8871574402 128.611633301
35.8871955872 128.61164856
35.8872032166 128.61164856
35.8872108459 128.611633301
35.8872299194 128.611633301
35.8872337341 128.611633301
35.8872337341 128.611618042
35.8872451782 128.611618042
35.8872413635 128.611602783
35.8872108459 128.611587524
35.8872070313 128.611587524
35.8872070313 128.611587524
35.8871994019 128.611572266
35.8871917725 128.611572266
35.8871841431 128.611572266
35.8871841431 128.611557007
