13 40 32 967 35.6470662 128.401826 5 12 0 29.3999996
13 40 33 663 35.6470662 128.401824 5 12 0 29.6000004
13 40 34 67 35.6470662 128.401823 5 12 0 29.7000008
13 40 34 246 35.6470662 128.401823 5 12 0 29.7000008
13 40 34 352 35.6470662 128.401823 5 12 0 29.7000008
13 40 34 464 35.6470662 128.401823 5 12 0 29.7000008
13 40 35 61 35.6470622 128.401822 5 12 0 29.7999992
13 40 35 250 35.6470622 128.401822 5 12 0 29.7999992
13 40 36 366 35.6470622 128.40182 5 12 0 29.7999992
13 40 36 963 35.6470622 128.40182 5 12 0 29.7999992
13 40 37 154 35.6470622 128.40182 5 12 0 29.7999992
13 40 37 856 35.6470622 128.40182 5 12 0 29.7000008
13 40 38 52 35.6470622 128.40182 5 12 0 29.7000008
13 40 38 965 35.6470622 128.40182 5 12 0 29.7000008
13 40 39 150 35.6470622 128.40182 5 12 0 29.7000008
13 40 39 257 35.6470622 128.40182 5 12 0 29.7000008
13 40 39 462 35.6470622 128.40182 5 12 0 29.6000004
13 40 39 863 35.6470622 128.401819 5 12 0 29.6000004
13 40 40 663 35.6470622 128.401819 5 12 0 29.7000008
13 40 41 49 35.6470622 128.401819 5 12 0 29.7000008
13 40 41 370 35.6470622 128.401819 5 12 0 29.7999992
13 40 42 164 35.6470622 128.401818 5 12 0 30
13 40 42 360 35.6470622 128.401818 5 12 0 30.1000004
13 40 42 563 35.6470662 128.401818 5 12 0 30.2000008
13 40 42 763 35.6470662 128.401818 5 12 0 30.2000008
13 40 42 979 35.6470662 128.401818 5 12 0 30.2999992
13 40 43 365 35.6470662 128.401818 5 12 0 30.2999992
13 40 43 470 35.6470662 128.401818 5 12 0 30.2999992
13 40 44 64 35.6470622 128.401817 5 12 0 30.6000004
13 40 44 256 35.6470622 128.401817 5 12 0 30.6000004
13 40 44 464 35.6470662 128.401817 5 12 0 30.7000008
13 40 44 665 35.6470662 128.401817 5 12 0 30.7000008
13 40 44 852 35.6470662 128.401817 5 12 0 30.7999992
13 40 45 60 35.6470662 128.401817 5 12 0 30.8999996
13 40 45 250 35.6470662 128.401817 5 12 0 30.8999996
13 40 45 952 35.6470662 128.401817 5 12 0 31.1000004
13 40 46 153 35.6470662 128.401817 5 12 0 31.1000004
13 40 46 350 35.6470662 128.401817 5 12 0 31.2000008
13 40 46 547 35.6470662 128.401817 5 12 0 31.2000008
13 40 46 652 35.6470662 128.401817 5 12 0 31.2000008
13 40 46 965 35.6470662 128.401816 5 12 0 31.2999992
13 40 47 554 35.6470662 128.401816 5 12 0 31.5
13 40 47 755 35.6470662 128.401816 5 12 0 31.5
13 40 47 949 35.6470662 128.401816 5 12 0 31.6000004
13 40 48 55 35.6470662 128.401816 5 12 0 31.6000004
13 40 48 252 35.6470662 128.401816 5 12 0 31.6000004
13 40 48 455 35.6470662 128.401816 5 12 0 31.6000004
13 40 48 651 35.6470662 128.401816 5 12 0 31.6000004
13 40 48 849 35.6470662 128.401816 5 12 0 31.7000008
13 40 48 971 35.6470662 128.401816 5 12 0 31.7000008
13 40 49 145 35.6470662 128.401816 5 12 0 31.7000008
13 40 49 449 35.6470662 128.401816 5 12 0 31.7999992
13 40 49 554 35.6470662 128.401816 5 12 0 31.7999992
13 40 49 663 35.6470662 128.401816 5 12 0 31.7999992
13 40 49 769 35.6470662 128.401816 5 12 0 31.7999992
13 40 49 882 35.6470662 128.401816 5 12 0 31.7999992
13 40 49 987 35.6470662 128.401816 5 12 0 31.7999992
13 40 50 91 35.6470662 128.401816 5 12 0 31.7999992
13 40 50 649 35.6470703 128.401816 5 12 0 31.8999996
13 40 50 760 35.6470703 128.401816 5 12 0 32
13 40 50 953 35.6470703 128.401816 5 12 0 32
13 40 51 162 35.6470703 128.401816 5 12 0 32.0999985
13 40 51 361 35.6470703 128.401817 5 12 0 32.2000008
13 40 52 254 35.6470703 128.401817 5 12 0 32.5
13 40 52 854 35.6470744 128.401817 5 12 0 32.5
13 40 53 61 35.6470744 128.401818 5 12 0 32.5
13 40 53 250 35.6470744 128.401817 5 12 0 32.5
13 40 53 460 35.6470744 128.401817 5 12 0 32.5
13 40 53 649 35.6470744 128.401818 5 12 0 32.5
13 40 54 151 35.6470744 128.401818 5 12 0 32.5
13 40 54 354 35.6470744 128.401818 5 12 0 32.5
13 40 54 853 35.6470744 128.401818 5 12 0 32.5
13 40 55 61 35.6470744 128.401818 5 12 0 32.5
13 40 55 253 35.6470744 128.401818 5 12 0 32.5
13 40 55 463 35.6470744 128.401818 5 12 0 32.5
13 40 55 651 35.6470744 128.401819 5 12 0 32.5
13 40 55 850 35.6470744 128.401819 5 12 0 32.5
13 40 55 955 35.6470744 128.401819 5 12 0 32.4000015
13 40 56 350 35.6470744 128.401819 5 12 0 32.4000015
13 40 56 468 35.6470744 128.401819 5 12 0 32.4000015
13 40 56 656 35.6470744 128.401819 5 12 0 32.4000015
13 40 56 849 35.6470785 128.401819 5 12 0 32.4000015
13 40 56 961 35.6470785 128.401819 5 12 0 32.4000015
13 40 57 151 35.6470785 128.40182 5 12 0 32.4000015
13 40 57 256 35.6470785 128.40182 5 12 0 32.4000015
13 40 57 445 35.6470785 128.40182 5 12 0 32.4000015
13 40 57 552 35.6470785 128.40182 5 12 0 32.4000015
13 40 57 753 35.6470785 128.40182 5 12 0 32.4000015
13 40 57 962 35.6470785 128.40182 5 12 0 32.5
13 40 58 164 35.6470785 128.40182 5 12 0 32.5
13 40 58 351 35.6470785 128.40182 5 12 0 32.5999985
13 40 58 550 35.6470785 128.40182 5 12 0 32.5999985
13 40 58 740 35.6470785 128.401821 5 12 0 32.5999985
13 40 58 847 35.6470785 128.40182 5 12 0 32.7000008
13 40 58 964 35.6470785 128.40182 5 12 0 32.7000008
13 40 59 155 35.6470785 128.401821 5 12 0 32.7999992
13 40 59 349 35.6470785 128.40182 5 12 0 32.7999992
13 40 59 463 35.6470785 128.401821 5 12 0 32.7999992
13 40 59 650 35.6470785 128.401821 5 12 0 32.7999992
13 41 0 162 35.6470785 128.401821 5 12 0 32.9000015
13 41 0 353 35.6470785 128.401821 5 12 0 32.9000015
13 41 0 562 35.6470785 128.401821 5 12 0 32.9000015
13 41 0 764 35.6470785 128.401821 5 12 0 32.9000015
13 41 0 971 35.6470785 128.401821 5 12 0 32.9000015
13 41 1 163 35.6470785 128.401822 5 12 0 33
13 41 1 654 35.6470785 128.401822 2 12 0 33
13 41 1 851 35.6470825 128.401822 2 12 0 33
13 41 1 955 35.6470825 128.401822 2 12 0 33
13 41 2 68 35.6470825 128.401822 2 12 0 33
13 41 2 348 35.6470825 128.401822 2 12 0 33
13 41 2 461 35.6470825 128.401822 2 12 0 33
13 41 2 650 35.6470825 128.401822 2 12 0 33
13 41 2 758 35.6470825 128.401821 2 12 0 33
13 41 2 865 35.6470825 128.401821 2 12 0 33
13 41 2 972 35.6470825 128.401821 2 12 0 33
13 41 3 79 35.6470825 128.401822 2 12 0 33
13 41 3 183 35.6470825 128.401821 2 12 0 33
13 41 3 292 35.6470825 128.401821 2 12 0 33
13 41 3 657 35.6470825 128.401821 2 12 0 33
13 41 3 848 35.6470825 128.401822 2 12 0 33
13 41 3 955 35.6470825 128.401821 2 12 0 33
13 41 4 60 35.6470825 128.401821 2 12 0 33
13 41 4 748 35.6470825 128.401821 2 12 0 33
13 41 4 860 35.6470825 128.401821 2 12 0 33
13 41 4 973 35.6470825 128.401821 2 12 0 33
13 41 5 86 35.6470825 128.401821 2 12 0 33
13 41 5 191 35.6470825 128.401821 2 12 0 33
13 41 5 301 35.6470825 128.401821 2 12 0 33
13 41 5 406 35.6470825 128.401821 2 12 0 33
13 41 5 516 35.6470825 128.401821 2 12 0 33
13 41 5 629 35.6470825 128.401821 2 12 0 33
13 41 5 733 35.6470825 128.401821 2 12 0 33
13 41 5 837 35.6470825 128.401821 2 12 0 33
13 41 5 942 35.6470825 128.401821 2 12 0 33
13 41 6 51 35.6470825 128.401821 2 12 0 33
13 41 6 246 35.6470825 128.401821 2 12 0 33
13 41 6 351 35.6470825 128.401821 2 12 0 33
13 41 6 468 35.6470825 128.401821 2 12 0 33
13 41 6 574 35.6470825 128.401821 2 12 0 33
13 41 6 678 35.6470825 128.401821 2 12 0 33
13 41 6 782 35.6470825 128.401821 2 12 0 33
13 41 6 888 35.6470825 128.401821 2 12 0 33
13 41 6 994 35.6470825 128.401821 2 12 0 33
13 41 7 150 35.6470825 128.401821 2 12 0 33.0999985
13 41 7 255 35.6470825 128.401821 2 12 0 33
13 41 7 360 35.6470825 128.401821 2 12 0 33
13 41 7 465 35.6470785 128.401821 2 12 0 33
13 41 7 569 35.6470825 128.401821 2 12 0 33
13 41 7 673 35.6470825 128.401821 2 12 0 33
13 41 7 777 35.6470825 128.401821 2 12 0 33
13 41 7 882 35.6470785 128.401821 2 12 0 33.0999985
13 41 7 987 35.6470825 128.401821 2 12 0 33.0999985
13 41 8 95 35.6470825 128.401821 2 12 0 33.0999985
13 41 8 200 35.6470825 128.401821 2 12 0 33.0999985
13 41 8 304 35.6470825 128.401821 2 12 0 33.0999985
13 41 8 409 35.6470825 128.401821 2 12 0 33.0999985
13 41 8 517 35.6470785 128.401821 2 12 0 33.0999985
13 41 8 650 35.6470825 128.401821 2 12 0 33.0999985
13 41 8 756 35.6470825 128.401821 2 12 0 33.0999985
13 41 8 863 35.6470825 128.401821 2 12 0 33.0999985
13 41 8 969 35.6470825 128.401821 2 12 0 33.0999985
13 41 9 150 35.6470825 128.401821 2 12 0 33.0999985
13 41 9 264 35.6470825 128.401821 2 12 0 33.0999985
13 41 9 462 35.6470825 128.401821 2 12 0 33.0999985
13 41 9 636 35.6470825 128.401821 2 12 0 33.0999985
13 41 9 751 35.6470825 128.401821 2 12 0 33.0999985
13 41 9 864 35.6470825 128.401821 2 12 0 33.0999985
13 41 9 968 35.6470825 128.401821 2 12 0 33.0999985
13 41 10 73 35.6470825 128.401821 2 12 0 33.0999985
13 41 10 455 35.6470825 128.401821 2 12 0 33.0999985
13 41 10 661 35.6470825 128.401821 2 12 0 33.0999985
13 41 10 852 35.6470825 128.401821 2 12 0 33.0999985
13 41 11 47 35.6470825 128.401821 2 12 0 33.0999985
13 41 11 154 35.6470825 128.401821 2 12 0 33.0999985
13 41 11 364 35.6470825 128.401821 2 12 0 33.0999985
13 41 16 547 35.6470785 128.401821 2 12 0 33.2000008
13 41 17 949 35.6470785 128.401821 2 12 0 33.2000008
13 41 18 246 35.6470785 128.401821 2 12 0 33.2000008
13 41 21 247 35.6470785 128.401821 2 12 0 33.2999992
13 41 24 747 35.6470785 128.401822 2 12 0 33.4000015
13 41 25 748 35.6470785 128.401822 2 12 0 33.4000015
13 41 25 863 35.6470785 128.401822 2 12 0 33.4000015
13 41 25 971 35.6470785 128.401822 2 12 0 33.5
13 41 26 77 35.6470785 128.401822 2 12 0 33.5
13 41 26 347 35.6470785 128.401822 2 12 0 33.5
13 41 26 645 35.6470785 128.401823 2 12 0 33.5
13 41 27 240 35.6470785 128.401823 2 12 0 33.5
13 41 27 344 35.6470785 128.401823 2 12 0 33.5
13 41 29 645 35.6470785 128.401823 2 12 0 33.5
13 41 31 455 35.6470785 128.401823 2 12 0 33.5999985
13 41 34 746 35.6470785 128.401824 2 12 0 33.7000008
13 41 34 858 35.6470785 128.401824 2 12 0 33.7000008
13 41 34 964 35.6470785 128.401824 2 12 0 33.7000008
13 41 35 645 35.6470785 128.401824 2 12 0 33.7000008
13 41 35 751 35.6470785 128.401824 2 12 0 33.7000008
13 41 36 48 35.6470785 128.401824 2 12 0 33.7000008
13 41 36 648 35.6470785 128.401824 2 12 0 33.7000008
